Timings:
    cars
        1) 12.944
        2) 12.949
        3) 12.913
        4) 12.729
        5) 13.134
    cars delayed
        1) 87.313
        2) 91.602
        3) 91.012
        4) 92.650
        5) 93.166
    wine
        1) 155.535
        2) 152.767
        3) 156.511
        4) 153.341
        5) 152.420
    wine delayed
        1) 383.872
        2) 380.671
        3) 382.104
        4) 381.032
        5) 378.547

        
Threaded:
    cars
        1) 
        2)
        3)
        4)
        5)
    cars delayed
        1)
        2)
        3)
        4)
        5)
    wine 
        1)
        2)
        3)
        4)
        5)
    wine delayed
        1)
        2)
        3)
        4)
        5)